235 583
235 583
235 583
235 583
235 583
235 583
235 583
235 583
243 585
249 584
257 586
265 587
274 590
284 593
295 595
305 596
315 596
323 597
332 596
341 595
348 595
356 589
364 584
372 576
381 570
387 564
392 559
400 554
408 547
417 542
425 534
433 529
441 524
446 519
454 516
462 508
471 503
479 495
486 489
494 484
500 479
507 476
515 469
522 465
531 457
538 452
546 443
553 436
557 435
564 428
571 425
579 418
589 411
597 404
605 399
615 393
620 390
627 387
636 380
645 374
652 367
659 362
664 358
670 352
678 348
685 342
692 339
699 333
709 325
716 320
722 315
728 310
736 302
743 297
745 295
751 289
751 289
750 289
749 291
748 295
743 301
736 309
730 314
727 318
719 324
707 336
701 341
694 349
690 350
683 356
680 357
671 364
664 369
658 374
650 382
643 386
635 395
628 400
620 408
615 411
608 416
600 424
592 429
584 438
579 443
571 451
567 454
560 459
553 466
546 472
538 482
533 486
526 494
522 497
516 503
510 510
503 516
495 523
489 528
482 536
477 539
471 545
464 552
457 558
449 567
442 572
436 580
432 583
425 589
418 596
411 602
403 610
396 615
390 622
385 626
379 631
371 639
363 645
356 653
353 653
349 653
